89
55
70
88
35
16
45
99
7
16
53
19
24
43
69
73
66
45
83
30
91
73
56
13
72
25
22
84
36
55
75
89
13
14
81
42
56
70
12
8
100
69
84
80
100
3
17
22
6
44
98
78
7
1
64
41
51
67
10
8
90
2
94
92
89
17
59
38
92
24
63
96
59
99
5
13
8
96
36
52
16
73
76
44
23
6
13
80
29
47
27
66
63
78
22
61
90
95
24
1
30
55
63
42
13
29
100
93
2
39
29
75
89
90
42
47
67
88
58
19
83
33
29
50
5
17
40
11
93
80
32
3
100
5
80
96
83
10
21
61
72
80
28
28
42
56
48
93
38
19
66
14
34
19
43
3
56
35
64
46
13
73
64
63
41
65
4
26
49
5
55
67
75
34
23
13
62
39
19
92
54
53
32
76
97
96
97
83
37
87
14
21
74
4
32
15
89
23
37
28
48
59
80
75
45
93
62
14
17
11
39
81
57
72
56
67
43
9
37
8
96
30
83
17
91
77
63
58
27
61
43
81
11
42
50
43
48
62
50
87
50
2
79
73
93
3
23
23
48
10
81
21
56
5
1
29
69
14
31
66
44
46
12
45
75
15
30
30
97
15
14
62
15
89
57
22
86
72
51
91
68
84
79
37
95
72
25
43
86
14
41
68
60
67
62
82
71
13
27
9
36
83
39
71
9
10
43
9
35
43
5
48
33
13
29
4
69
65
83
48
59
95
51
50
68
52
46
90
75
43
57
53
99
5
56
76
10
47
94
73
42
34
59
20
80
63
97
85
37
15
10
94
49
45
61
97
64
57
42
5
3
98
31
83
42
24
9
79
91
53
99
57
4
100
38
4
80
21
49
55
30
7
17
1
36
76
96
6
11
79
70
14
96
74
98
46
32
8
3
65
72
56
51
84
40
36
35
91
10
53
47
51
88
36
89
55
38
50
73
86
87
51
67
59
54
81
55
60
86
70
49
43
85
3
34
35
38
34
5
64
74
18
94
38
44
74
43
76
71
99
89
87
9
8
53
36
14
60
70
55
85
55
9
18
11
46
80
20
22
98
60
37
32
39
27
30
1
17
49
63
85
19
14
100
65
97
32
74
97
60
1
46
19
15
39
38
55
86
17
11
37
66
24
47
61
24
82
3
41
8
61
11
38
38
40
93
22
42
96
65
36
67
67
25
63
71
4
9
70
14
78
85
33
7
46
91
89
55
2
24
38
48
41
69
33
38
79
58
56
73
47
68
91
10
41
25
36
63
10
82
56
76
2
54
13
36
86
45
27
39
21
26
51
65
29
26
68
19
3
96
20
17
90
39
39
16
10
1
93
70
72
73
2
87
7
13
44
80
37
96
11
82
59
67
95
40
90
5
60
34
9
28
79
47
83
59
27
18
31
79
52
8
7
45
36
53
45
37
29
89
41
43
26
36
48
82
17
49
88
32
63
18
1
75
35
2
77
10
72
50
55
11
12
54
20
29
44
62
14
59
27
33
41
75
61
76
10
96
74
23
57
95
28
67
60
54
18
66
31
26
17
61
25
18
87
55
49
29
63
73
96
81
90
74
43
1
10
48
85
70
1
86
34
54
9
49
36
20
78
69
81
76
51
79
24
9
16
74
39
77
1
31
48
19
44
83
94
87
70
38
86
48
90
59
75
92
63
49
78
89
44
88
12
53
56
70
10
69
18
14
30
59
84
51
79
48
85
22
73
10
58
66
17
50
41
9
92
80
80
19
32
72
73
76
5
78
20
55
73
5
16
100
64
75
5
28
17
17
58
100
100
30
90
29
39
78
41
80
47
23
78
50
59
85
75
38
85
63
38
22
50
40
93
50
83
13
46
89
91
71
93
7
52
71
2
94
68
89
27
75
15
85
60
32
46
15
72
50
75
18
72
84
96
52
70
90
42
77
79
65
11
12
60
22
37
15
34
8
39
75
60
46
29
77
87
55
83
71
41
80
61
62
73
54
95
48
35
21
48
33
44
44
30
97
12
73
26
2
43
67
66
14
98
66
30
82
38
75
95
5
57
6
84
56
24
94
14
28
39
50
42
2
16
6
90
33
95
3
66
91
52
11
26
19
40
27
17
86
25
16
25
88
99
14
85
71
37
89
41
6
90
86
23
72
77
76
64
66
13
82
80
100
88
72
47
87
45
93
23
93
60
42
7
69
51
65
41
88
69
30
41
58
79
73
58
23
36
35
65
87
49
70
65
39
98
25
63
23
68
51
52
46
26
76
71
55
38
7
31
91
32
88
26
89
60
77
38
46
76
71
69
37
24
96
67
48
81
15
2
68
90
76
81
25
90
95
97
30
71
7
88
55
49
5
28
69
43
85
7
31
100
92
71
76
78
19
93
68
27
13
59
63
10
80
50
39
35
37
7
62
64
48
43
27
98
35
10
59
34
44
28
11
19
28
69
72
69
97
45
51
71
32
22
89
23
65
23
64
67
47
9
57
36
97
97
23
76
52
35
27
6
28
52
32
65
45
55
53
31
8
45
64
52
89
100
33
94
57
91
79
64
50
13
10
76
5
28
50
1
16
21
12
79
40
68
22
3
78
53
12
99
74
17
64
85
52
75
41
24
2
21
50
26
55
69
77
48
23
1
96
1
84
22
86
89
100
5
93
39
50
25
12
13
17
94
23
26
28
42
81
70
99
4
5
88
21
25
48
24
7
100
63
9
22
34
93
36
43
56
26
95
100
81
97
87
90
51
82
53
51
50
28
11
56
26
21
91
83
40
11
80
65
83
2
64
51
20
34
77
88
85
40
14
73
50
92
37
45
97
17
16
5
76
21
83
2
72
70
2
78
2
34
16
66
58
24
51
74
31
76
56
34
16
8
13
23
70
70
43
91
67
40
11
87
32
91
24
24
40
34
9
6
92
43
90
70
45
4
57
17
78
19
56
43
40
29
54
53
97
86
82
40
20
39
97
51
9
50
42
88
62
94
96
70
80
6
17
3
40
37
74
44
14
63
32
40
66
14
70
7
43
90
43
54
91
99
52
82
35
99
73
94
82
22
3
15
20
78
45
32
66
64
28
49
2
56
24
9
42
26
55
78
89
45
12
16
97
22
28
68
70
11
37
29
95
92
15
94
39
16
44
46
15
87
15
40
65
88
10
58
50
88
62
50
94
74
36
44
80
93
60
44
6
23
20
69
69
30
18
84
16
73
21
89
62
14
82
7
54
61
97
68
53
31
70
22
52
57
53
76
91
71
12
16
34
50
7
49
25
98
84
90
3
99
72
80
58
89
100
23
43
79
88
83
22
66
39
65
58
85
98
38
59
31
28
24
10
66
8
20
97
34
78
48
29
11
43
14
22
52
10
52
93
10
80
100
96
85
85
94
51
3
11
93
94
36
40
24
62
5
61
65
50
21
54
92
73
96
98
82
40
32
35
87
77
97
90
7
19
62
69
13
21
69
36
59
7
82
54
69
39
99
52
24
48
89
63
17
50
86
4
1
100
33
84
13
91
28
97
84
77
95
77
5
37
59
63
64
18
24
94
44
62
69
76
21
19
6
4
60
89
44
47
95
54
77
2
54
73
54
30
72
28
56
35
73
93
77
12
82
37
2
8
78
71
82
8
67
64
16
9
37
58
97
83
50
74
22
9
93
70
86
71
52
60
4
48
3
99
52
37
10
20
92
86
1
65
73
30
6
2
17
46
59
12
8
90
26
59
36
52
91
72
71
51
32
10
15
55
100
79
2
77
51
79
54
32
43
69
91
86
59
75
77
76
48
11
49
88
61
56
100
13
83
66
69
21
11
41
51
93
67
11
33
44
69
28
29
92
24
18
3
14
60
40
86
17
40
86
27
92
18
8
70
26
1
91
70
79
3
79
39
7
36
100
30
97
24
38
77
56
63
25
23
48
69
53
44
16
55
99
55
36
81
53
77
90
64
17
48
60
50
64
66
30
49
62
29
27
55
65
29
52
81
83
90
27
35
14
29
38
1
69
34
46
10
52
5
85
75
11
71
93
51
81
42
52
43
51
16
35
34
19
31
24
57
63
42
21
54
5
23
9
81
92
62
76
84
44
34
44
84
90
34
93
57
41
100
71
78
88
97
89
29
32
15
18
78
12
72
71
34
68
53
60
73
100
56
59
23
64
2
26
49
73
97
17
12
44
73
47
56
65
43
3
49
24
65
75
62
92
65
51
67
100
75
23
2
34
70
89
97
85
60
5
81
91
62
60
63
92
72
1
67
60
48
68
91
42
90
25
11
85
69
71
47
12
21
100
81
30
91
81
25
82
8
60
17
94
11
85
70
71
10
100
29
76
45
72
57
57
52
47
22
61
43
89
81
44
55
22
46
27
89
4
54
62
98
95
81
54
91
44
70
24
32
33
91
39
75
70
56
58
76
86
16
49
75
29
6
78
89
17
80
7
3
2
6
12
22
14
11
3
91
55
27
51
36
28
76
98
22
37
6
94
5
69
75
45
95
26
74
42
20
66
27
53
26
38
62
35
18
75
50
15
9
6
20
2
98
84
52
96
72
70
88
29
58
38
89
86
69
18
84
59
87
100
12
49
79
31
38
97
60
48
56
34
50
93
54
91
46
72
99
48
40
6
33
54
26
97
54
33
61
96
54
59
97
